-1001394050290,
-1002192822496,
-1001777049825,
-1001866476187,
5326888498,
-1001246093763,
-1001766050210,
-1001955134896,
-1001166834860,
-1001744309146,
-1002008816299,
-1001324735280,
-1001571240278,
-1002111313107,
-1001893826477,
-1002058082266,
-1001809452705,
-1001508499403,
-1001991376382,
-1001787033206,
-1001958603264,
-1002037228034,
-1001316546666,
-1001787927735,
-1001655999598,
-1002053998944,
-1001180744251,
-1001509052721,
-1001984145239,
-1001610610024,
-1001922578442,
-1001714972521,
-1001640334119,
-1001727242343,
-1001597957008,
-1001887616323,
-1001798888241,
-1001411960688,
-1001742532307,
-1001754906826,
-1001923318180,
-1001236638219,
-1001865320251,
-1001801490663,
-1001393935104,
-1001706158692,
-1002151886918,
-1001729380520,
-1001842701539,
-1001191371830,
-1002063705887,
-1001778238344,
-1001837555190,
-1001907890859,
-1001516263031,
-1001631268257,
-1001637804045,
-1002026123893,
-1002008204333,
-1001577325485,
-1002109093415,
5969822472,
7016801008,
-1002115044118,
5790908304,
-1001452058801,
-1001727066682,
1589461828,
6466921956
